Motion Name: SG ASL Coup D'etat 2025-8-16
Pose Name: SG ASL Coup D'etat 2025-8-16 P1
Export Date: 2025-8-16
Current Frame: 29
Frame Budget: 29
bone_rotations = {
    "bicepfk_L": (0.7929, 0.4995, -0.0317, 0.3477),
    "forearmfk_L": (0.7295, -0.0455, -0.0541, 0.6803),
    "handfk_L": (0.7881, 0.1162, 0.5982, -0.0871),
    "bicepfk_R": (0.8402, 0.4934, -0.0115, -0.2245),
    "forearmfk_R": (0.6920, -0.0496, 0.0513, -0.7183),
    "handfk_R": (0.9304, 0.0416, -0.3592, -0.0590),
    "thighfk_L": (0.9996, -0.0114, -0.0243, 0.0003),
    "shinfk_L": (0.9996, 0.0270, 0.0089, 0.0042),
    "footfk_L": (0.0292, -0.0261, 0.9991, 0.0185),
    "toefk_L": (1.0000, 0.0000, 0.0000, 0.0000),
    "thighfk_R": (0.9996, -0.0114, 0.0242, -0.0001),
    "shinfk_R": (0.9996, 0.0271, -0.0093, -0.0042),
    "footfk_R": (0.0287, -0.0266, -0.9991, -0.0183),
    "toefk_R": (1.0000, 0.0000, 0.0000, 0.0000),
    "thumbfk_01_L": (0.7714, 0.3438, 0.4779, 0.2417),
    "thumbfk_02_L": (0.9799, 0.1562, -0.0536, -0.1121),
    "thumbfk_03_L": (0.9840, 0.1530, 0.0794, 0.0459),
    "thumbfk_04_L": (1.0000, 0.0000, 0.0000, 0.0000),
    "pinkyinte_metacarpal_L": (1.0000, 0.0000, 0.0000, -0.0018),
    "pinkyfk_01_L": (0.9829, 0.0531, -0.0065, -0.1761),
    "pinkyfk_02_L": (0.9971, 0.0761, 0.0032, 0.0023),
    "pinkyfk_03_L": (0.9953, 0.0862, 0.0428, 0.0052),
    "pinkyfk_04_L": (1.0000, 0.0000, 0.0000, 0.0000),
    "indexinte_metacarpal_L": (1.0000, 0.0000, 0.0041, -0.0041),
    "indexfk_01_L": (0.9978, 0.0398, 0.0378, -0.0378),
    "indexfk_02_L": (0.9712, 0.2382, -0.0042, -0.0062),
    "indexfk_03_L": (0.9876, 0.1547, 0.0238, 0.0123),
    "indexfk_04_L": (1.0000, 0.0000, 0.0000, 0.0000),
    "middleinte_metacarpal_L": (1.0000, -0.0000, 0.0006, -0.0006),
    "middlefk_01_L": (0.9959, 0.0608, -0.0200, -0.0631),
    "middlefk_02_L": (0.9627, 0.2703, -0.0058, 0.0107),
    "middlefk_03_L": (0.9961, 0.0868, -0.0130, 0.0040),
    "middlefk_04_L": (1.0000, 0.0000, 0.0000, 0.0000),
    "ringinte_metacarpal_L": (1.0000, 0.0000, -0.0016, 0.0011),
    "ringfk_01_L": (0.9948, 0.0568, -0.0489, -0.0688),
    "ringfk_02_L": (0.9816, 0.1907, -0.0045, -0.0068),
    "ringfk_03_L": (0.9971, 0.0541, 0.0134, 0.0519),
    "ringfk_04_L": (1.0000, 0.0000, 0.0000, 0.0000),
    "thumbfk_01_R": (0.7822, 0.3380, -0.4538, -0.2607),
    "thumbfk_02_R": (0.9807, 0.1532, 0.0510, 0.1102),
    "thumbfk_03_R": (0.9830, 0.1364, -0.0892, -0.0842),
    "thumbfk_04_R": (1.0000, 0.0000, 0.0000, 0.0000),
    "pinkyinte_metacarpal_R": (1.0000, 0.0000, 0.0000, -0.0016),
    "pinkyfk_01_R": (0.9829, 0.0473, -0.0012, 0.1779),
    "pinkyfk_02_R": (0.9978, 0.0668, -0.0032, -0.0023),
    "pinkyfk_03_R": (0.9948, 0.0918, -0.0429, -0.0052),
    "pinkyfk_04_R": (1.0000, 0.0000, 0.0000, 0.0000),
    "indexinte_metacarpal_R": (1.0000, 0.0000, -0.0040, 0.0040),
    "indexfk_01_R": (0.9977, 0.0385, -0.0370, 0.0412),
    "indexfk_02_R": (0.9699, 0.2435, 0.0042, 0.0062),
    "indexfk_03_R": (0.9876, 0.1547, -0.0238, -0.0123),
    "indexfk_04_R": (1.0000, 0.0000, 0.0000, 0.0000),
    "middleinte_metacarpal_R": (1.0000, 0.0000, -0.0006, 0.0006),
    "middlefk_01_R": (0.9960, 0.0593, 0.0196, 0.0633),
    "middlefk_02_R": (0.9642, 0.2647, 0.0057, -0.0107),
    "middlefk_03_R": (0.9966, 0.0811, 0.0130, -0.0041),
    "middlefk_04_R": (1.0000, 0.0000, 0.0000, 0.0000),
    "ringinte_metacarpal_R": (1.0000, 0.0000, 0.0016, -0.0011),
    "ringfk_01_R": (0.9945, 0.0564, 0.0515, 0.0716),
    "ringfk_02_R": (0.9830, 0.1832, 0.0046, 0.0067),
    "ringfk_03_R": (0.9971, 0.0531, -0.0135, -0.0519),
    "ringfk_04_R": (1.0000, 0.0000, 0.0000, 0.0000),
    "collar_R": (0.9954, 0.0444, 0.0822, 0.0223),
    "collar_L": (0.9966, 0.0751, -0.0062, 0.0333),
    "neckfk": (1.0000, 0.0004, -0.0002, 0.0002),
    "headfk": (1.0000, 0.0008, -0.0002, 0.0004),
    "chest_5": (1.0000, 0.0000, 0.0000, 0.0000),
    "chest_4": (1.0000, 0.0000, 0.0000, 0.0000),
    "chest_3": (0.9998, -0.0194, -0.0032, -0.0074),
    "chest_2": (1.0000, 0.0000, 0.0000, 0.0000),
    "chest_1": (1.0000, 0.0000, 0.0000, 0.0000),
    "hip": (1.0000, 0.0000, 0.0000, 0.0000),
}
