Motion Name: SG ASL Coup D'etat 2025-8-16
Pose Name: SG ASL Coup D'etat 2025-8-16 P2
Export Date: 2025-8-16
Current Frame: 50
Frame Budget: 21
bone_rotations = {
    "bicepfk_L": (0.7219, 0.5015, -0.1108, 0.4638),
    "forearmfk_L": (0.8276, -0.0319, -0.0516, 0.5580),
    "handfk_L": (0.7106, 0.1283, 0.6760, -0.1474),
    "bicepfk_R": (0.8107, 0.4955, 0.0637, -0.3051),
    "forearmfk_R": (0.8063, -0.0348, 0.0537, -0.5881),
    "handfk_R": (0.8833, 0.1319, -0.4471, 0.0508),
    "thighfk_L": (0.9997, -0.0109, -0.0226, 0.0001),
    "shinfk_L": (0.9996, 0.0270, 0.0078, 0.0042),
    "footfk_L": (0.0287, -0.0263, 0.9991, 0.0181),
    "toefk_L": (1.0000, 0.0000, 0.0000, 0.0000),
    "thighfk_R": (0.9996, -0.0113, 0.0259, -0.0003),
    "shinfk_R": (0.9996, 0.0270, -0.0091, -0.0043),
    "footfk_R": (0.0293, -0.0263, -0.9991, -0.0183),
    "toefk_R": (1.0000, 0.0000, 0.0000, 0.0000),
    "thumbfk_01_L": (0.7833, 0.3221, 0.4836, 0.2209),
    "thumbfk_02_L": (0.9710, 0.2244, -0.0665, -0.0492),
    "thumbfk_03_L": (0.9444, 0.3075, 0.0659, 0.0960),
    "thumbfk_04_L": (1.0000, 0.0000, 0.0000, 0.0000),
    "pinkyinte_metacarpal_L": (0.9996, 0.0000, 0.0000, -0.0289),
    "pinkyfk_01_L": (0.6772, 0.7335, -0.0569, 0.0081),
    "pinkyfk_02_L": (0.6769, 0.7360, 0.0002, -0.0003),
    "pinkyfk_03_L": (0.7869, 0.6130, 0.0551, 0.0450),
    "pinkyfk_04_L": (1.0000, 0.0000, 0.0000, 0.0000),
    "indexinte_metacarpal_L": (0.9945, -0.0000, 0.0743, -0.0743),
    "indexfk_01_L": (0.7366, 0.6763, 0.0001, -0.0001),
    "indexfk_02_L": (0.7071, 0.7070, 0.0000, -0.0123),
    "indexfk_03_L": (0.8049, 0.5918, 0.0251, 0.0370),
    "indexfk_04_L": (1.0000, 0.0000, 0.0000, 0.0000),
    "middleinte_metacarpal_L": (0.9999, 0.0000, 0.0073, -0.0073),
    "middlefk_01_L": (0.7448, 0.6672, 0.0039, -0.0047),
    "middlefk_02_L": (0.6727, 0.7397, -0.0174, 0.0100),
    "middlefk_03_L": (0.7706, 0.6370, -0.0213, -0.0072),
    "middlefk_04_L": (1.0000, 0.0000, 0.0000, 0.0000),
    "ringinte_metacarpal_L": (0.9996, -0.0000, -0.0242, 0.0161),
    "ringfk_01_L": (0.6925, 0.7213, -0.0102, 0.0093),
    "ringfk_02_L": (0.7071, 0.7070, -0.0000, -0.0134),
    "ringfk_03_L": (0.7841, 0.6143, -0.0328, 0.0820),
    "ringfk_04_L": (1.0000, 0.0000, 0.0000, 0.0000),
    "thumbfk_01_R": (0.7833, 0.3221, -0.4836, -0.2209),
    "thumbfk_02_R": (0.9710, 0.2244, 0.0665, 0.0492),
    "thumbfk_03_R": (0.9444, 0.3075, -0.0659, -0.0960),
    "thumbfk_04_R": (1.0000, 0.0000, 0.0000, 0.0000),
    "pinkyinte_metacarpal_R": (0.9996, 0.0000, 0.0000, -0.0289),
    "pinkyfk_01_R": (0.6772, 0.7335, 0.0569, -0.0081),
    "pinkyfk_02_R": (0.6769, 0.7360, -0.0002, 0.0003),
    "pinkyfk_03_R": (0.7869, 0.6130, -0.0551, -0.0450),
    "pinkyfk_04_R": (1.0000, 0.0000, 0.0000, 0.0000),
    "indexinte_metacarpal_R": (0.9945, 0.0000, -0.0743, 0.0743),
    "indexfk_01_R": (0.7366, 0.6763, -0.0001, 0.0001),
    "indexfk_02_R": (0.7071, 0.7070, -0.0000, 0.0123),
    "indexfk_03_R": (0.8049, 0.5918, -0.0251, -0.0370),
    "indexfk_04_R": (1.0000, 0.0000, 0.0000, 0.0000),
    "middleinte_metacarpal_R": (0.9999, 0.0000, -0.0073, 0.0073),
    "middlefk_01_R": (0.7448, 0.6672, -0.0039, 0.0047),
    "middlefk_02_R": (0.6727, 0.7397, 0.0174, -0.0100),
    "middlefk_03_R": (0.7706, 0.6370, 0.0213, 0.0072),
    "middlefk_04_R": (1.0000, 0.0000, 0.0000, 0.0000),
    "ringinte_metacarpal_R": (0.9996, -0.0000, 0.0242, -0.0161),
    "ringfk_01_R": (0.6925, 0.7213, 0.0102, -0.0093),
    "ringfk_02_R": (0.7071, 0.7070, 0.0000, 0.0134),
    "ringfk_03_R": (0.7841, 0.6143, 0.0328, -0.0820),
    "ringfk_04_R": (1.0000, 0.0000, 0.0000, 0.0000),
    "collar_R": (0.9918, 0.0372, 0.1183, -0.0310),
    "collar_L": (0.9963, 0.0678, -0.0192, 0.0493),
    "neckfk": (1.0000, -0.0006, 0.0001, -0.0003),
    "headfk": (1.0000, -0.0012, 0.0001, -0.0004),
    "chest_5": (1.0000, 0.0000, 0.0000, 0.0000),
    "chest_4": (1.0000, 0.0002, -0.0003, 0.0001),
    "chest_3": (0.9998, -0.0190, -0.0037, -0.0073),
    "chest_2": (1.0000, 0.0002, -0.0004, 0.0002),
    "chest_1": (1.0000, 0.0006, -0.0011, 0.0004),
    "hip": (1.0000, -0.0001, 0.0015, -0.0001),
}
