Motion Name: SG ASL Which Var 2025-7-22
Pose Name: SG ASL Which Var 2025-7-22 P2
Export Date: 2025-7-22
Current Frame: 47
Frame Budget: 13
bone_rotations = {
    "bicepfk_L": (0.7986, 0.5354, 0.2295, 0.1511),
    "forearmfk_L": (0.5357, -0.0526, -0.0331, 0.8421),
    "handfk_L": (0.9771, -0.2064, -0.0314, 0.0405),
    "bicepfk_R": (0.8052, 0.5214, -0.2568, -0.1172),
    "forearmfk_R": (0.7581, -0.0374, 0.0474, -0.6494),
    "handfk_R": (0.9808, -0.1256, 0.1214, 0.0871),
    "thighfk_L": (0.9998, -0.0107, -0.0159, 0.0012),
    "shinfk_L": (0.9996, 0.0270, 0.0086, 0.0042),
    "footfk_L": (0.0296, -0.0276, 0.9990, 0.0196),
    "toefk_L": (1.0000, 0.0000, 0.0000, 0.0000),
    "thighfk_R": (0.9994, -0.0126, 0.0326, 0.0008),
    "shinfk_R": (0.9996, 0.0271, -0.0091, -0.0042),
    "footfk_R": (0.0282, -0.0254, -0.9991, -0.0178),
    "toefk_R": (1.0000, 0.0000, 0.0000, 0.0000),
    "thumbfk_01_L": (0.9960, -0.0054, 0.0693, -0.0570),
    "thumbfk_02_L": (1.0000, -0.0040, 0.0011, -0.0080),
    "thumbfk_03_L": (1.0000, -0.0000, -0.0003, -0.0028),
    "thumbfk_04_L": (1.0000, 0.0000, 0.0000, 0.0000),
    "pinkyinte_metacarpal_L": (0.9996, 0.0000, 0.0000, -0.0297),
    "pinkyfk_01_L": (0.6614, 0.7473, -0.0629, 0.0120),
    "pinkyfk_02_L": (0.6791, 0.7340, 0.0002, -0.0002),
    "pinkyfk_03_L": (0.7955, 0.6018, 0.0560, 0.0443),
    "pinkyfk_04_L": (1.0000, 0.0000, 0.0000, 0.0000),
    "indexinte_metacarpal_L": (0.9924, 0.0000, 0.0868, -0.0868),
    "indexfk_01_L": (0.6464, 0.7630, 0.0009, 0.0071),
    "indexfk_02_L": (0.7116, 0.7025, 0.0001, -0.0124),
    "indexfk_03_L": (0.8036, 0.5934, 0.0251, 0.0371),
    "indexfk_04_L": (1.0000, 0.0000, 0.0000, 0.0000),
    "middleinte_metacarpal_L": (0.9999, 0.0000, 0.0084, -0.0084),
    "middlefk_01_L": (0.6661, 0.7458, -0.0037, -0.0026),
    "middlefk_02_L": (0.7546, 0.6559, -0.0184, 0.0083),
    "middlefk_03_L": (0.7757, 0.6306, -0.0214, -0.0068),
    "middlefk_04_L": (1.0000, 0.0000, 0.0000, 0.0000),
    "ringinte_metacarpal_L": (0.9996, -0.0000, -0.0248, 0.0165),
    "ringfk_01_L": (0.6771, 0.7357, -0.0114, 0.0127),
    "ringfk_02_L": (0.7191, 0.6948, -0.0001, -0.0135),
    "ringfk_03_L": (0.7924, 0.6036, -0.0310, 0.0827),
    "ringfk_04_L": (1.0000, 0.0000, 0.0000, 0.0000),
    "thumbfk_01_R": (0.9936, 0.0051, -0.0875, 0.0710),
    "thumbfk_02_R": (1.0000, 0.0005, 0.0003, 0.0016),
    "thumbfk_03_R": (1.0000, 0.0022, 0.0007, 0.0021),
    "thumbfk_04_R": (1.0000, 0.0000, 0.0000, 0.0000),
    "pinkyinte_metacarpal_R": (0.9996, 0.0000, 0.0000, -0.0295),
    "pinkyfk_01_R": (0.6655, 0.7440, 0.0578, -0.0138),
    "pinkyfk_02_R": (0.6749, 0.7379, -0.0002, 0.0003),
    "pinkyfk_03_R": (0.7861, 0.6139, -0.0551, -0.0451),
    "pinkyfk_04_R": (1.0000, 0.0000, 0.0000, 0.0000),
    "indexinte_metacarpal_R": (0.9924, 0.0000, -0.0871, 0.0871),
    "indexfk_01_R": (0.6437, 0.7652, -0.0045, -0.0090),
    "indexfk_02_R": (0.7045, 0.7095, -0.0001, 0.0124),
    "indexfk_03_R": (0.8062, 0.5900, -0.0250, -0.0373),
    "indexfk_04_R": (1.0000, 0.0000, 0.0000, 0.0000),
    "middleinte_metacarpal_R": (0.9999, 0.0000, -0.0084, 0.0084),
    "middlefk_01_R": (0.6643, 0.7475, 0.0036, 0.0037),
    "middlefk_02_R": (0.7586, 0.6513, 0.0183, -0.0084),
    "middlefk_03_R": (0.7801, 0.6252, 0.0215, 0.0068),
    "middlefk_04_R": (1.0000, 0.0000, 0.0000, 0.0000),
    "ringinte_metacarpal_R": (0.9996, -0.0000, 0.0246, -0.0164),
    "ringfk_01_R": (0.6810, 0.7321, 0.0125, -0.0107),
    "ringfk_02_R": (0.7113, 0.7028, -0.0000, 0.0135),
    "ringfk_03_R": (0.7709, 0.6307, 0.0330, -0.0823),
    "ringfk_04_R": (1.0000, 0.0000, 0.0000, 0.0000),
}
