Motion Name: SG ASL Which Var 2025-7-22
Pose Name: SG ASL Which Var 2025-7-22 P5
Export Date: 2025-7-22
Current Frame: 107
Frame Budget: 18
bone_rotations = {
    "bicepfk_L": (0.8084, 0.5398, 0.1967, 0.1279),
    "forearmfk_L": (0.5948, -0.0490, -0.0342, 0.8016),
    "handfk_L": (0.9629, -0.2609, -0.0349, -0.0596),
    "bicepfk_R": (0.8264, 0.5004, -0.2071, -0.1537),
    "forearmfk_R": (0.6171, -0.0488, 0.0389, -0.7844),
    "handfk_R": (0.9912, -0.1168, 0.0381, 0.0492),
    "thighfk_L": (0.9994, -0.0125, -0.0323, -0.0006),
    "shinfk_L": (0.9996, 0.0271, 0.0092, 0.0042),
    "footfk_L": (0.0289, -0.0263, 0.9991, 0.0180),
    "toefk_L": (1.0000, 0.0000, 0.0000, 0.0000),
    "thighfk_R": (0.9999, -0.0053, 0.0161, -0.0012),
    "shinfk_R": (0.9999, 0.0132, -0.0087, -0.0048),
    "footfk_R": (0.0288, -0.0261, -0.9992, -0.0094),
    "toefk_R": (1.0000, 0.0004, -0.0003, -0.0000),
    "thumbfk_01_L": (0.9939, 0.0070, 0.0867, -0.0675),
    "thumbfk_02_L": (1.0000, -0.0003, 0.0001, -0.0005),
    "thumbfk_03_L": (1.0000, 0.0000, 0.0000, 0.0000),
    "thumbfk_04_L": (1.0000, 0.0000, 0.0000, 0.0000),
    "pinkyinte_metacarpal_L": (0.9996, 0.0000, 0.0000, -0.0290),
    "pinkyfk_01_L": (0.6761, 0.7346, -0.0565, 0.0087),
    "pinkyfk_02_L": (0.6726, 0.7400, 0.0002, -0.0003),
    "pinkyfk_03_L": (0.7844, 0.6161, 0.0550, 0.0452),
    "pinkyfk_04_L": (1.0000, 0.0000, 0.0000, 0.0000),
    "indexinte_metacarpal_L": (0.9929, 0.0000, 0.0842, -0.0842),
    "indexfk_01_L": (0.6659, 0.7461, -0.0002, 0.0003),
    "indexfk_02_L": (0.7035, 0.7106, 0.0001, -0.0123),
    "indexfk_03_L": (0.8022, 0.5954, 0.0249, 0.0371),
    "indexfk_04_L": (1.0000, 0.0000, 0.0000, 0.0000),
    "middleinte_metacarpal_L": (0.9999, 0.0000, 0.0084, -0.0084),
    "middlefk_01_L": (0.6663, 0.7457, -0.0012, -0.0013),
    "middlefk_02_L": (0.7466, 0.6650, -0.0183, 0.0082),
    "middlefk_03_L": (0.7708, 0.6367, -0.0213, -0.0072),
    "middlefk_04_L": (1.0000, 0.0000, 0.0000, 0.0000),
    "ringinte_metacarpal_L": (0.9996, -0.0000, -0.0242, 0.0162),
    "ringfk_01_L": (0.6912, 0.7225, -0.0102, 0.0096),
    "ringfk_02_L": (0.7070, 0.7071, 0.0000, -0.0135),
    "ringfk_03_L": (0.7839, 0.6145, -0.0327, 0.0820),
    "ringfk_04_L": (1.0000, 0.0000, 0.0000, 0.0000),
    "thumbfk_01_R": (0.9938, 0.0070, -0.0871, 0.0681),
    "thumbfk_02_R": (1.0000, 0.0000, 0.0000, 0.0000),
    "thumbfk_03_R": (1.0000, 0.0000, 0.0000, 0.0000),
    "thumbfk_04_R": (1.0000, 0.0000, 0.0000, 0.0000),
    "pinkyinte_metacarpal_R": (0.9996, 0.0000, 0.0000, -0.0289),
    "pinkyfk_01_R": (0.6772, 0.7336, 0.0567, -0.0079),
    "pinkyfk_02_R": (0.6770, 0.7360, -0.0002, 0.0003),
    "pinkyfk_03_R": (0.7866, 0.6133, -0.0551, -0.0450),
    "pinkyfk_04_R": (1.0000, 0.0000, 0.0000, 0.0000),
    "indexinte_metacarpal_R": (0.9929, 0.0000, -0.0838, 0.0838),
    "indexfk_01_R": (0.6688, 0.7435, -0.0001, 0.0001),
    "indexfk_02_R": (0.7071, 0.7070, -0.0000, 0.0123),
    "indexfk_03_R": (0.8049, 0.5918, -0.0250, -0.0371),
    "indexfk_04_R": (1.0000, 0.0000, 0.0000, 0.0000),
    "middleinte_metacarpal_R": (0.9999, 0.0000, -0.0084, 0.0084),
    "middlefk_01_R": (0.6663, 0.7457, 0.0008, 0.0013),
    "middlefk_02_R": (0.7457, 0.6660, 0.0184, -0.0082),
    "middlefk_03_R": (0.7700, 0.6376, 0.0213, 0.0072),
    "middlefk_04_R": (1.0000, 0.0000, 0.0000, 0.0000),
    "ringinte_metacarpal_R": (0.9996, -0.0000, 0.0242, -0.0161),
    "ringfk_01_R": (0.6925, 0.7213, 0.0101, -0.0092),
    "ringfk_02_R": (0.7080, 0.7061, 0.0000, 0.0135),
    "ringfk_03_R": (0.7841, 0.6143, 0.0326, -0.0821),
    "ringfk_04_R": (1.0000, 0.0000, 0.0000, 0.0000),
}
