Motion Name: SG ASL Which Var 2025-7-22
Pose Name: SG ASL Which Var 2025-7-22 P1
Export Date: 2025-7-22
Current Frame: 34
Frame Budget: 34
bone_rotations = {
    "bicepfk_L": (0.7803, 0.5440, 0.2771, 0.1358),
    "forearmfk_L": (0.6789, -0.0443, -0.0451, 0.7315),
    "handfk_L": (0.9635, -0.2628, -0.0504, 0.0057),
    "bicepfk_R": (0.8459, 0.4826, -0.1924, -0.1202),
    "forearmfk_R": (0.5735, -0.0497, 0.0378, -0.8168),
    "handfk_R": (0.9800, -0.1469, 0.0766, 0.1105),
    "thighfk_L": (0.9997, -0.0111, -0.0212, 0.0003),
    "shinfk_L": (0.9996, 0.0271, 0.0096, 0.0042),
    "footfk_L": (0.0291, -0.0263, 0.9990, 0.0193),
    "toefk_L": (1.0000, 0.0000, 0.0000, 0.0000),
    "thighfk_R": (0.9996, -0.0117, 0.0273, -0.0001),
    "shinfk_R": (0.9996, 0.0271, -0.0080, -0.0042),
    "footfk_R": (0.0287, -0.0266, -0.9991, -0.0189),
    "toefk_R": (1.0000, 0.0000, 0.0000, 0.0000),
    "thumbfk_01_L": (0.9930, -0.0007, 0.0965, -0.0684),
    "thumbfk_02_L": (1.0000, 0.0005, -0.0001, 0.0009),
    "thumbfk_03_L": (1.0000, -0.0000, -0.0003, -0.0031),
    "thumbfk_04_L": (1.0000, 0.0000, 0.0000, 0.0000),
    "pinkyinte_metacarpal_L": (0.9996, 0.0000, 0.0000, -0.0289),
    "pinkyfk_01_L": (0.6785, 0.7321, -0.0596, 0.0063),
    "pinkyfk_02_L": (0.6763, 0.7367, 0.0002, -0.0005),
    "pinkyfk_03_L": (0.7897, 0.6096, 0.0540, 0.0442),
    "pinkyfk_04_L": (1.0000, 0.0000, 0.0000, 0.0000),
    "indexinte_metacarpal_L": (0.9931, 0.0000, 0.0828, -0.0828),
    "indexfk_01_L": (0.6763, 0.7366, -0.0005, -0.0020),
    "indexfk_02_L": (0.7037, 0.7104, -0.0001, -0.0121),
    "indexfk_03_L": (0.8062, 0.5900, 0.0246, 0.0362),
    "indexfk_04_L": (1.0000, 0.0000, 0.0000, 0.0000),
    "middleinte_metacarpal_L": (0.9999, -0.0000, 0.0084, -0.0084),
    "middlefk_01_L": (0.6675, 0.7446, -0.0024, -0.0012),
    "middlefk_02_L": (0.7427, 0.6693, -0.0180, 0.0080),
    "middlefk_03_L": (0.7735, 0.6334, -0.0208, -0.0071),
    "middlefk_04_L": (1.0000, 0.0000, 0.0000, 0.0000),
    "ringinte_metacarpal_L": (0.9996, 0.0000, -0.0240, 0.0160),
    "ringfk_01_L": (0.6964, 0.7175, -0.0122, 0.0078),
    "ringfk_02_L": (0.7050, 0.7091, -0.0000, -0.0132),
    "ringfk_03_L": (0.7878, 0.6098, -0.0322, 0.0804),
    "ringfk_04_L": (1.0000, 0.0000, 0.0000, 0.0000),
    "thumbfk_01_R": (0.9940, 0.0127, -0.0911, 0.0594),
    "thumbfk_02_R": (1.0000, 0.0005, 0.0002, 0.0013),
    "thumbfk_03_R": (1.0000, -0.0023, -0.0007, -0.0021),
    "thumbfk_04_R": (1.0000, 0.0000, 0.0000, 0.0000),
    "pinkyinte_metacarpal_R": (0.9996, 0.0000, 0.0000, -0.0286),
    "pinkyfk_01_R": (0.6850, 0.7261, 0.0588, -0.0036),
    "pinkyfk_02_R": (0.6763, 0.7366, -0.0002, 0.0004),
    "pinkyfk_03_R": (0.7868, 0.6133, -0.0539, -0.0443),
    "pinkyfk_04_R": (1.0000, 0.0000, 0.0000, 0.0000),
    "indexinte_metacarpal_R": (0.9933, -0.0000, -0.0816, 0.0816),
    "indexfk_01_R": (0.6850, 0.7285, 0.0024, 0.0058),
    "indexfk_02_R": (0.7072, 0.7069, 0.0001, 0.0121),
    "indexfk_03_R": (0.8070, 0.5889, -0.0248, -0.0361),
    "indexfk_04_R": (1.0000, 0.0000, 0.0000, 0.0000),
    "middleinte_metacarpal_R": (0.9999, 0.0000, -0.0084, 0.0084),
    "middlefk_01_R": (0.6688, 0.7435, 0.0011, 0.0003),
    "middlefk_02_R": (0.7398, 0.6726, 0.0180, -0.0080),
    "middlefk_03_R": (0.7674, 0.6408, 0.0208, 0.0072),
    "middlefk_04_R": (1.0000, 0.0000, 0.0000, 0.0000),
    "ringinte_metacarpal_R": (0.9996, -0.0000, 0.0239, -0.0159),
    "ringfk_01_R": (0.6987, 0.7153, 0.0105, -0.0079),
    "ringfk_02_R": (0.7013, 0.7128, -0.0001, 0.0132),
    "ringfk_03_R": (0.7887, 0.6086, 0.0321, -0.0803),
    "ringfk_04_R": (1.0000, 0.0000, 0.0000, 0.0000),
}
