Motion Name: SG ASL Which Var 2025-7-22
Pose Name: SG ASL Which Var 2025-7-22 P3
Export Date: 2025-7-22
Current Frame: 67
Frame Budget: 20
bone_rotations = {
    "bicepfk_L": (0.7831, 0.5491, 0.2515, 0.1482),
    "forearmfk_L": (0.7664, -0.0395, -0.0487, 0.6393),
    "handfk_L": (0.9587, -0.2627, -0.1060, -0.0256),
    "bicepfk_R": (0.8300, 0.4928, -0.2304, -0.1229),
    "forearmfk_R": (0.5596, -0.0518, 0.0354, -0.8264),
    "handfk_R": (0.9884, -0.1000, 0.0748, 0.0861),
    "thighfk_L": (0.9995, -0.0120, -0.0276, 0.0003),
    "shinfk_L": (0.9996, 0.0271, 0.0088, 0.0043),
    "footfk_L": (0.0286, -0.0261, 0.9991, 0.0177),
    "toefk_L": (1.0000, 0.0000, 0.0000, 0.0000),
    "thighfk_R": (0.9997, -0.0112, 0.0209, -0.0000),
    "shinfk_R": (0.9996, 0.0271, -0.0090, -0.0042),
    "footfk_R": (0.0293, -0.0266, -0.9990, -0.0190),
    "toefk_R": (1.0000, 0.0002, -0.0003, -0.0000),
    "thumbfk_01_L": (0.9967, -0.0011, 0.0539, -0.0606),
    "thumbfk_02_L": (1.0000, -0.0030, 0.0009, -0.0066),
    "thumbfk_03_L": (1.0000, -0.0000, 0.0004, 0.0046),
    "thumbfk_04_L": (1.0000, 0.0000, 0.0000, 0.0000),
    "pinkyinte_metacarpal_L": (0.9996, 0.0000, 0.0000, -0.0299),
    "pinkyfk_01_L": (0.6563, 0.7516, -0.0642, 0.0137),
    "pinkyfk_02_L": (0.6642, 0.7476, 0.0001, -0.0002),
    "pinkyfk_03_L": (0.7861, 0.6139, 0.0555, 0.0452),
    "pinkyfk_04_L": (1.0000, 0.0000, 0.0000, 0.0000),
    "indexinte_metacarpal_L": (0.9927, 0.0000, 0.0850, -0.0850),
    "indexfk_01_L": (0.6599, 0.7513, -0.0004, 0.0036),
    "indexfk_02_L": (0.7013, 0.7127, -0.0000, -0.0123),
    "indexfk_03_L": (0.7986, 0.6002, 0.0247, 0.0374),
    "indexfk_04_L": (1.0000, 0.0000, 0.0000, 0.0000),
    "middleinte_metacarpal_L": (0.9999, -0.0000, 0.0084, -0.0084),
    "middlefk_01_L": (0.6661, 0.7458, -0.0046, -0.0032),
    "middlefk_02_L": (0.7470, 0.6645, -0.0189, 0.0079),
    "middlefk_03_L": (0.7707, 0.6368, -0.0215, -0.0068),
    "middlefk_04_L": (1.0000, 0.0000, 0.0000, 0.0000),
    "ringinte_metacarpal_L": (0.9995, -0.0000, -0.0250, 0.0167),
    "ringfk_01_L": (0.6720, 0.7403, -0.0102, 0.0140),
    "ringfk_02_L": (0.7140, 0.7000, 0.0001, -0.0136),
    "ringfk_03_L": (0.7850, 0.6132, -0.0314, 0.0826),
    "ringfk_04_L": (1.0000, 0.0000, 0.0000, 0.0000),
    "thumbfk_01_R": (0.9926, -0.0007, -0.0947, 0.0764),
    "thumbfk_02_R": (1.0000, 0.0009, 0.0005, 0.0026),
    "thumbfk_03_R": (1.0000, 0.0000, 0.0000, 0.0000),
    "thumbfk_04_R": (1.0000, 0.0000, 0.0000, 0.0000),
    "pinkyinte_metacarpal_R": (0.9996, 0.0000, 0.0000, -0.0293),
    "pinkyfk_01_R": (0.6703, 0.7398, 0.0583, -0.0054),
    "pinkyfk_02_R": (0.6823, 0.7311, -0.0003, 0.0002),
    "pinkyfk_03_R": (0.7874, 0.6123, -0.0552, -0.0450),
    "pinkyfk_04_R": (1.0000, 0.0000, 0.0000, 0.0000),
    "indexinte_metacarpal_R": (0.9920, 0.0000, -0.0889, 0.0889),
    "indexfk_01_R": (0.6301, 0.7764, -0.0032, -0.0136),
    "indexfk_02_R": (0.7053, 0.7088, -0.0001, 0.0124),
    "indexfk_03_R": (0.7979, 0.6011, -0.0243, -0.0380),
    "indexfk_04_R": (1.0000, 0.0000, 0.0000, 0.0000),
    "middleinte_metacarpal_R": (0.9999, 0.0000, -0.0085, 0.0085),
    "middlefk_01_R": (0.6583, 0.7527, 0.0046, 0.0047),
    "middlefk_02_R": (0.7574, 0.6527, 0.0185, -0.0081),
    "middlefk_03_R": (0.7722, 0.6350, 0.0215, 0.0069),
    "middlefk_04_R": (1.0000, 0.0000, 0.0000, 0.0000),
    "ringinte_metacarpal_R": (0.9996, -0.0000, 0.0247, -0.0165),
    "ringfk_01_R": (0.6787, 0.7342, 0.0147, -0.0091),
    "ringfk_02_R": (0.7217, 0.6921, 0.0001, 0.0136),
    "ringfk_03_R": (0.7667, 0.6358, 0.0318, -0.0832),
    "ringfk_04_R": (1.0000, 0.0000, 0.0000, 0.0000),
}
