Motion Name: SG ASL Which Var 2025-7-22
Pose Name: SG ASL Which Var 2025-7-22 P4
Export Date: 2025-7-22
Current Frame: 89
Frame Budget: 22
bone_rotations = {
    "bicepfk_L": (0.7930, 0.5462, 0.1970, 0.1843),
    "forearmfk_L": (0.5129, -0.0530, -0.0338, 0.8562),
    "handfk_L": (0.9720, -0.2238, -0.0423, -0.0583),
    "bicepfk_R": (0.7827, 0.5365, -0.2696, -0.1637),
    "forearmfk_R": (0.8238, -0.0338, 0.0526, -0.5634),
    "handfk_R": (0.9841, -0.1286, 0.1165, 0.0372),
    "thighfk_L": (0.9997, -0.0113, -0.0236, 0.0005),
    "shinfk_L": (0.9996, 0.0271, 0.0088, 0.0042),
    "footfk_L": (0.0290, -0.0264, 0.9991, 0.0180),
    "toefk_L": (1.0000, 0.0000, 0.0000, 0.0000),
    "thighfk_R": (0.9996, -0.0114, 0.0249, 0.0001),
    "shinfk_R": (0.9996, 0.0271, -0.0092, -0.0042),
    "footfk_R": (0.0289, -0.0263, -0.9991, -0.0181),
    "toefk_R": (1.0000, 0.0000, 0.0000, 0.0000),
    "thumbfk_01_L": (0.9960, 0.0031, 0.0650, -0.0609),
    "thumbfk_02_L": (0.9999, -0.0046, 0.0013, -0.0091),
    "thumbfk_03_L": (1.0000, -0.0000, -0.0002, -0.0011),
    "thumbfk_04_L": (1.0000, 0.0000, 0.0000, 0.0000),
    "pinkyinte_metacarpal_L": (0.9996, 0.0000, 0.0000, -0.0294),
    "pinkyfk_01_L": (0.6679, 0.7417, -0.0610, 0.0102),
    "pinkyfk_02_L": (0.6658, 0.7462, 0.0001, -0.0002),
    "pinkyfk_03_L": (0.7832, 0.6176, 0.0552, 0.0455),
    "pinkyfk_04_L": (1.0000, 0.0000, 0.0000, 0.0000),
    "indexinte_metacarpal_L": (0.9927, 0.0000, 0.0854, -0.0854),
    "indexfk_01_L": (0.6570, 0.7538, -0.0001, 0.0034),
    "indexfk_02_L": (0.7061, 0.7080, 0.0001, -0.0123),
    "indexfk_03_L": (0.7997, 0.5987, 0.0249, 0.0373),
    "indexfk_04_L": (1.0000, 0.0000, 0.0000, 0.0000),
    "middleinte_metacarpal_L": (0.9999, 0.0000, 0.0084, -0.0084),
    "middlefk_01_L": (0.6661, 0.7458, -0.0037, -0.0029),
    "middlefk_02_L": (0.7488, 0.6624, -0.0185, 0.0081),
    "middlefk_03_L": (0.7693, 0.6385, -0.0214, -0.0069),
    "middlefk_04_L": (1.0000, 0.0000, 0.0000, 0.0000),
    "ringinte_metacarpal_L": (0.9996, -0.0000, -0.0245, 0.0163),
    "ringfk_01_L": (0.6840, 0.7293, -0.0105, 0.0107),
    "ringfk_02_L": (0.7148, 0.6992, 0.0000, -0.0136),
    "ringfk_03_L": (0.7811, 0.6181, -0.0322, 0.0823),
    "ringfk_04_L": (1.0000, 0.0000, 0.0000, 0.0000),
    "thumbfk_01_R": (0.9956, 0.0032, -0.0651, 0.0671),
    "thumbfk_02_R": (1.0000, 0.0004, 0.0002, 0.0019),
    "thumbfk_03_R": (1.0000, 0.0025, 0.0008, 0.0023),
    "thumbfk_04_R": (1.0000, 0.0000, 0.0000, 0.0000),
    "pinkyinte_metacarpal_R": (0.9996, 0.0000, 0.0000, -0.0296),
    "pinkyfk_01_R": (0.6638, 0.7451, 0.0640, -0.0088),
    "pinkyfk_02_R": (0.6813, 0.7320, -0.0003, 0.0002),
    "pinkyfk_03_R": (0.7907, 0.6080, -0.0555, -0.0447),
    "pinkyfk_04_R": (1.0000, 0.0000, 0.0000, 0.0000),
    "indexinte_metacarpal_R": (0.9918, 0.0000, -0.0902, 0.0902),
    "indexfk_01_R": (0.6201, 0.7843, -0.0027, -0.0202),
    "indexfk_02_R": (0.7069, 0.7072, -0.0001, 0.0124),
    "indexfk_03_R": (0.8039, 0.5931, -0.0246, -0.0377),
    "indexfk_04_R": (1.0000, 0.0000, 0.0000, 0.0000),
    "middleinte_metacarpal_R": (0.9999, -0.0000, -0.0084, 0.0084),
    "middlefk_01_R": (0.6662, 0.7457, 0.0074, 0.0074),
    "middlefk_02_R": (0.7680, 0.6402, 0.0183, -0.0085),
    "middlefk_03_R": (0.7899, 0.6128, 0.0216, 0.0063),
    "middlefk_04_R": (1.0000, 0.0000, 0.0000, 0.0000),
    "ringinte_metacarpal_R": (0.9996, -0.0000, 0.0249, -0.0166),
    "ringfk_01_R": (0.6743, 0.7383, 0.0138, -0.0114),
    "ringfk_02_R": (0.7139, 0.7001, -0.0000, 0.0136),
    "ringfk_03_R": (0.7615, 0.6421, 0.0330, -0.0825),
    "ringfk_04_R": (1.0000, 0.0000, 0.0000, 0.0000),
}
